x1 = -2.000000
x2 = 1.000000
x3 = -1.000000
